1.0198,0.017,0.0015
1.0798,0.018,0.0018
1.1399,0.019,0.0021
1.1999,0.02,0.0026
1.2598,0.021,0.0029
1.3198,0.022,0.0033
1.3799,0.023,0.0037
1.4399,0.024,0.0043
1.4998,0.025,0.0049
1.5598,0.026,0.0056
1.6199,0.027,0.0062
1.6799,0.028,0.0069
1.7398,0.029,0.0078
1.7998,0.03,0.0086
1.8599,0.031,0.0095
1.9198,0.032,0.0103
1.9798,0.033,0.0114
2.0398,0.034,0.0124
2.0998,0.035,0.0137
2.1599,0.036,0.0149
2.2199,0.037,0.0162
2.2798,0.038,0.0175
2.3398,0.039,0.0189
2.3997,0.04,0.0204
2.4597,0.041,0.0221
2.5197,0.042,0.0237
2.5797,0.043,0.0254
2.6397,0.044,0.0272
2.6997,0.045,0.0291
2.7595,0.046,0.031
2.8196,0.047,0.0331
2.8796,0.048,0.0353
2.9396,0.049,0.0375
2.9994,0.05,0.0399
3.0594,0.051,0.0423
3.1194,0.052,0.0449
3.1793,0.053,0.0476
3.2393,0.054,0.0503
3.2991,0.055,0.0531
3.3591,0.056,0.0561
3.4189,0.057,0.0593
3.4789,0.058,0.0624
3.5388,0.059,0.0657
3.5988,0.06,0.069
3.6586,0.061,0.0726
3.7185,0.062,0.0762
3.7784,0.063,0.0799
3.8384,0.064,0.0839
3.8982,0.065,0.0878
3.9581,0.066,0.092
4.0179,0.067,0.0961
4.0777,0.068,0.1005
4.1375,0.069,0.105
4.1973,0.07,0.1096
4.2572,0.071,0.1144
4.317,0.072,0.1193
4.3767,0.073,0.1244
4.4365,0.074,0.1296
4.4962,0.075,0.1348
4.5561,0.076,0.1403
4.6158,0.077,0.146
4.6755,0.078,0.1516
4.7352,0.079,0.1577
4.7949,0.08,0.1636
4.8546,0.081,0.1698
4.9143,0.082,0.1762
4.9738,0.083,0.1827
5.0335,0.084,0.1895
5.0931,0.085,0.1962
5.1526,0.086,0.2032
5.2122,0.087,0.2105
5.2717,0.088,0.2178
5.3313,0.089,0.2253
5.3908,0.09,0.233
5.4504,0.091,0.2407
5.5098,0.092,0.2489
5.5692,0.093,0.257
5.6286,0.094,0.2654
5.688,0.095,0.2739
5.7474,0.096,0.2826
5.8068,0.097,0.2914
5.866,0.098,0.3006
5.9253,0.099,0.3099
5.9845,0.1,0.3194
6.0438,0.101,0.329
6.1031,0.102,0.3388
6.1622,0.103,0.3489
6.2213,0.104,0.3591
6.2804,0.105,0.3696
6.3395,0.106,0.3801
6.3984,0.107,0.3911
6.4573,0.108,0.402
6.5163,0.109,0.4133
6.5753,0.11,0.4246
6.6341,0.111,0.4364
6.6928,0.112,0.4482
6.7516,0.113,0.4603
6.8104,0.114,0.4725
6.8691,0.115,0.4851
6.9277,0.116,0.4977
6.9863,0.117,0.5107
7.0449,0.118,0.5238
7.1034,0.119,0.5372
7.1617,0.12,0.5508
7.2203,0.121,0.5646
7.2785,0.122,0.5787
7.3368,0.123,0.593
7.395,0.124,0.6073
7.4532,0.125,0.6222
7.5113,0.126,0.6371
7.5693,0.127,0.6523
7.6273,0.128,0.6678
7.6852,0.129,0.6834
7.7431,0.13,0.6993
7.8009,0.131,0.7155
7.8586,0.132,0.7319
7.9163,0.133,0.7485
7.9739,0.134,0.7653
8.0313,0.135,0.7825
8.0888,0.136,0.7998
8.1461,0.137,0.8175
8.2034,0.138,0.8354
8.2607,0.139,0.8535
8.3176,0.14,0.8718
8.3746,0.141,0.8905
8.4316,0.142,0.9095
8.4885,0.143,0.9285
8.5454,0.144,0.948
8.6021,0.145,0.9677
8.6586,0.146,0.9876
8.715,0.147,1.0077
8.7714,0.148,1.0282
8.8278,0.149,1.049
8.8841,0.15,1.0699
8.9402,0.151,1.0912
8.9961,0.152,1.1129
9.052,0.153,1.1346
9.1077,0.154,1.1566
9.1635,0.155,1.179
9.219,0.156,1.2017
9.2745,0.157,1.2246
9.3299,0.158,1.2478
9.385,0.159,1.2712
9.4401,0.16,1.295
9.4951,0.161,1.3191
9.5499,0.162,1.3434
9.6047,0.163,1.368
9.6593,0.164,1.3929
9.7137,0.165,1.4181
9.768,0.166,1.4434
9.8223,0.167,1.4692
9.8763,0.168,1.4953
9.9301,0.169,1.5216
9.984,0.17,1.5483
10.0376,0.171,1.5752
10.0911,0.172,1.6023
10.1443,0.173,1.6299
10.1976,0.174,1.6576
10.2506,0.175,1.6857
10.3035,0.176,1.714
10.3561,0.177,1.7429
10.4086,0.178,1.7718
10.461,0.179,1.8011
10.5134,0.18,1.8306
10.5653,0.181,1.8606
10.6172,0.182,1.8907
10.6689,0.183,1.9212
10.7203,0.184,1.9519
10.7717,0.185,1.983
10.8228,0.186,2.0145
10.8738,0.187,2.0461
10.9245,0.188,2.0781
10.9751,0.189,2.1105
11.0254,0.19,2.1431
11.0755,0.191,2.1759
11.1255,0.192,2.2092
11.1753,0.193,2.2427
11.2248,0.194,2.2765
11.2742,0.195,2.3108
11.3233,0.196,2.3451
11.3722,0.197,2.3799
11.421,0.198,2.415
11.4695,0.199,2.4503
11.5176,0.2,2.4859
11.5656,0.201,2.5219
11.6135,0.202,2.5583
11.661,0.203,2.5949
11.7082,0.204,2.6317
11.7553,0.205,2.669
11.8022,0.206,2.7066
11.8486,0.207,2.7444
11.895,0.208,2.7825
11.9411,0.209,2.8209
11.987,0.21,2.8598
12.0324,0.211,2.8988
12.0777,0.212,2.9382
12.1227,0.213,2.9778
12.1674,0.214,3.0179
12.2119,0.215,3.058
12.2561,0.216,3.0987
12.3,0.217,3.1397
12.3437,0.218,3.1807
12.387,0.219,3.2223
12.43,0.22,3.2641
12.4728,0.221,3.3061
12.5152,0.222,3.3486
12.5574,0.223,3.3914
12.5991,0.224,3.4342
12.6406,0.225,3.4776
12.6819,0.226,3.5212
12.7228,0.227,3.5652
12.7634,0.228,3.6093
12.8037,0.229,3.6538
12.8436,0.23,3.6986
12.8832,0.231,3.7437
12.9223,0.232,3.789
12.9613,0.233,3.8347
12.9999,0.234,3.8807
13.0381,0.235,3.9269
13.0761,0.236,3.9735
13.1136,0.237,4.0203
13.1508,0.238,4.0674
13.1875,0.239,4.1147
13.224,0.24,4.1623
13.2601,0.241,4.2104
13.2958,0.242,4.2585
13.3313,0.243,4.3069
13.3662,0.244,4.3557
13.4007,0.245,4.4047
13.4349,0.246,4.4541
13.4688,0.247,4.5036
13.5021,0.248,4.5536
13.5351,0.249,4.6037
13.5678,0.25,4.6539
13.6,0.251,4.7046
13.6319,0.252,4.7554
13.6632,0.253,4.8066
13.6943,0.254,4.8579
13.7247,0.255,4.9097
13.7548,0.256,4.9614
13.7845,0.257,5.0136
13.814,0.258,5.0659
13.8427,0.259,5.1186
13.8711,0.26,5.1714
13.8992,0.261,5.2245
13.9266,0.262,5.2778
13.9537,0.263,5.3313
13.9805,0.264,5.3852
14.0066,0.265,5.4391
14.0322,0.266,5.4933
14.0575,0.267,5.5478
14.0823,0.268,5.6023
14.1066,0.269,5.6572
14.1304,0.27,5.7123
14.1539,0.271,5.7675
14.1768,0.272,5.823
14.1991,0.273,5.8786
14.221,0.274,5.9345
14.2425,0.275,5.9905
14.2634,0.276,6.0468
14.2839,0.277,6.1032
14.3039,0.278,6.1597
14.3232,0.279,6.2166
14.3421,0.28,6.2734
14.3605,0.281,6.3306
14.3784,0.282,6.3879
14.3958,0.283,6.4454
14.4127,0.284,6.503
14.4291,0.285,6.5606
14.4449,0.286,6.6185
14.4602,0.287,6.6765
14.4748,0.288,6.7347
14.4891,0.289,6.7929
14.5027,0.29,6.8514
14.5158,0.291,6.9099
14.5284,0.292,6.9685
14.5405,0.293,7.0274
14.552,0.294,7.0863
14.5629,0.295,7.1452
14.5732,0.296,7.2043
14.583,0.297,7.2636
14.5923,0.298,7.3228
14.601,0.299,7.3822
14.6091,0.3,7.4417
14.6166,0.301,7.5012
14.6237,0.302,7.5607
14.63,0.303,7.6204
14.6358,0.304,7.6801
14.641,0.305,7.74
14.6457,0.306,7.7997
14.6498,0.307,7.8596
14.6532,0.308,7.9196
14.6561,0.309,7.9794
14.6585,0.31,8.0394
14.6601,0.311,8.0994
14.6611,0.312,8.1594
14.6616,0.313,8.2194
14.6616,0.314,8.2794
14.6608,0.315,8.3394
14.6595,0.316,8.3994
14.6577,0.317,8.4592
14.6552,0.318,8.5192
14.652,0.319,8.5791
14.6483,0.32,8.6391
14.6439,0.321,8.6989
14.6389,0.322,8.7587
14.6333,0.323,8.8185
14.6271,0.324,8.878
14.6202,0.325,8.9377
14.6128,0.326,8.9973
14.6048,0.327,9.0567
14.596,0.328,9.1161
14.5868,0.329,9.1753
14.5769,0.33,9.2345
14.5662,0.331,9.2935
14.5551,0.332,9.3525
14.5433,0.333,9.4113
14.5308,0.334,9.4701
14.5177,0.335,9.5286
14.5041,0.336,9.5871
14.4897,0.337,9.6453
14.4748,0.338,9.7034
14.4592,0.339,9.7614
14.443,0.34,9.8192
14.4262,0.341,9.8767
14.4089,0.342,9.9341
14.3907,0.343,9.9913
14.372,0.344,10.0483
14.3526,0.345,10.1052
14.3326,0.346,10.1617
14.3121,0.347,10.2181
14.2909,0.348,10.2742
14.2691,0.349,10.33
14.2465,0.35,10.3857
14.2236,0.351,10.441
14.1999,0.352,10.4962
14.1755,0.353,10.5511
14.1506,0.354,10.6056
14.125,0.355,10.6599
14.0988,0.356,10.7139
14.0721,0.357,10.7676
14.0446,0.358,10.821
14.0168,0.359,10.8741
13.9881,0.36,10.9268
13.9588,0.361,10.9793
13.929,0.362,11.0313
13.8986,0.363,11.0831
13.8677,0.364,11.1343
13.836,0.365,11.1853
13.8038,0.366,11.2361
13.7711,0.367,11.2862
13.7376,0.368,11.3361
13.7035,0.369,11.3856
13.6691,0.37,11.4347
13.634,0.371,11.4832
13.5983,0.372,11.5314
13.5619,0.373,11.5793
13.5251,0.374,11.6266
13.4877,0.375,11.6734
13.4497,0.376,11.7199
13.4112,0.377,11.766
13.372,0.378,11.8114
13.3324,0.379,11.8566
13.2924,0.38,11.9011
13.2516,0.381,11.9451
13.2104,0.382,11.9887
13.1686,0.383,12.0318
13.1264,0.384,12.0744
13.0834,0.385,12.1164
13.0401,0.386,12.1579
12.9963,0.387,12.1989
12.9519,0.388,12.2392
12.9072,0.389,12.2791
12.8618,0.39,12.3185
12.816,0.391,12.3572
12.7697,0.392,12.3954
12.7228,0.393,12.4329
12.6756,0.394,12.47
12.6279,0.395,12.5062
12.5798,0.396,12.5421
12.5312,0.397,12.5772
12.4821,0.398,12.6117
12.4326,0.399,12.6457
12.3826,0.4,12.6789
12.3324,0.401,12.7116
12.2815,0.402,12.7436
12.2304,0.403,12.7749
12.1788,0.404,12.8056
12.1269,0.405,12.8356
12.0745,0.406,12.8649
12.0218,0.407,12.8935
11.9688,0.408,12.9216
11.9153,0.409,12.9487
11.8615,0.41,12.9753
11.8074,0.411,13.0013
11.7528,0.412,13.0263
11.698,0.413,13.0508
11.6429,0.414,13.0745
11.5875,0.415,13.0974
11.5317,0.416,13.1196
11.4757,0.417,13.141
11.4193,0.418,13.1617
11.3628,0.419,13.1818
11.3059,0.42,13.2011
11.249,0.421,13.2195
11.1915,0.422,13.237
11.1341,0.423,13.254
11.0762,0.424,13.2702
11.0183,0.425,13.2855
10.9601,0.426,13.3
10.9016,0.427,13.3137
10.843,0.428,13.3267
10.7843,0.429,13.3389
10.7253,0.43,13.3501
10.6662,0.431,13.3606
10.6071,0.432,13.3704
10.5477,0.433,13.3793
10.4883,0.434,13.3873
10.4288,0.435,13.3946
10.3691,0.436,13.401
10.3093,0.437,13.4065
10.2495,0.438,13.4114
10.1897,0.439,13.4153
10.1296,0.44,13.4182
10.0696,0.441,13.4205
10.0098,0.442,13.4218
9.9498,0.443,13.4224
9.9502,0.444,13.4224
9.8902,0.445,13.4218
9.8304,0.446,13.4205
9.7704,0.447,13.4182
9.7103,0.448,13.4153
9.6505,0.449,13.4114
9.5907,0.45,13.4065
9.5309,0.451,13.401
9.4712,0.452,13.3946
9.4117,0.453,13.3873
9.3523,0.454,13.3793
9.2929,0.455,13.3704
9.2338,0.456,13.3606
9.1747,0.457,13.3501
9.1157,0.458,13.3389
9.057,0.459,13.3267
8.9984,0.46,13.3137
8.9399,0.461,13.3
8.8817,0.462,13.2855
8.8238,0.463,13.2702
8.7659,0.464,13.254
8.7085,0.465,13.237
8.651,0.466,13.2195
8.5941,0.467,13.2011
8.5372,0.468,13.1818
8.4807,0.46900000000000003,13.1617
8.4243,0.47000000000000003,13.141
8.3683,0.47100000000000003,13.1196
8.3125,0.47200000000000003,13.0974
8.2571,0.473,13.0745
8.202,0.474,13.0508
8.1472,0.475,13.0263
8.0926,0.476,13.0013
8.0385,0.477,12.9753
7.9847,0.478,12.9487
7.9312,0.479,12.9216
7.8782,0.48,12.8935
7.8255,0.481,12.8649
7.7731,0.482,12.8356
7.7212,0.483,12.8056
7.6696,0.484,12.7749
7.6185,0.485,12.7436
7.5676,0.486,12.7116
7.5174,0.487,12.6789
7.4674,0.488,12.6457
7.4179,0.489,12.6117
7.3688,0.49,12.5772
7.3202,0.491,12.5421
7.2721,0.492,12.5062
7.2244,0.493,12.47
7.1772,0.494,12.4329
7.1303,0.495,12.3954
7.084,0.496,12.3572
7.0382,0.497,12.3185
6.9928,0.498,12.2791
6.9481,0.499,12.2392
6.9037,0.5,12.1989
6.8599,0.501,12.1579
6.8166,0.502,12.1164
6.7736,0.503,12.0744
6.7314,0.504,12.0318
6.6896,0.505,11.9887
6.6484,0.506,11.9451
6.6076,0.507,11.9011
6.5676,0.508,11.8566
6.528,0.509,11.8114
6.4888,0.51,11.766
6.4503,0.511,11.7199
6.4123,0.512,11.6734
6.3749,0.513,11.6266
6.3381,0.514,11.5793
6.3017,0.515,11.5314
6.266,0.516,11.4832
6.2309,0.517,11.4347
6.1965,0.518,11.3856
6.1624,0.519,11.3361
6.1289,0.52,11.2862
6.0962,0.521,11.2361
6.064,0.522,11.1853
6.0323,0.523,11.1343
6.0014,0.524,11.0831
5.971,0.525,11.0313
5.9412,0.526,10.9793
5.9119,0.527,10.9268
5.8832,0.528,10.8741
5.8554,0.529,10.821
5.8279,0.53,10.7676
5.8012,0.531,10.7139
5.775,0.532,10.6599
5.7494,0.533,10.6056
5.7245,0.534,10.5511
5.7001,0.535,10.4962
5.6764,0.536,10.441
5.6535,0.537,10.3857
5.6309,0.538,10.33
5.6091,0.539,10.2742
5.5879,0.54,10.2181
5.5674,0.541,10.1617
5.5474,0.542,10.1052
5.528,0.543,10.0483
5.5093,0.544,9.9913
5.4911,0.545,9.9341
5.4738,0.546,9.8767
5.457,0.547,9.8192
5.4408,0.548,9.7614
5.4252,0.549,9.7034
5.4103,0.55,9.6453
5.3959,0.551,9.5871
5.3823,0.552,9.5286
5.3692,0.553,9.4701
5.3567,0.554,9.4113
5.3449,0.555,9.3525
5.3338,0.556,9.2935
5.3231,0.557,9.2345
5.3132,0.558,9.1753
5.304,0.559,9.1161
5.2952,0.56,9.0567
5.2872,0.561,8.9973
5.2798,0.562,8.9377
5.2729,0.563,8.878
5.2667,0.5640000000000001,8.8185
5.2611,0.565,8.7587
5.2561,0.5660000000000001,8.6989
5.2517,0.567,8.6391
5.248,0.5680000000000001,8.5791
5.2448,0.569,8.5192
5.2423,0.5700000000000001,8.4592
5.2405,0.571,8.3994
5.2392,0.5720000000000001,8.3394
5.2384,0.573,8.2794
5.2384,0.5740000000000001,8.2194
5.2389,0.575,8.1594
5.2399,0.5760000000000001,8.0994
5.2415,0.577,8.0394
5.2439,0.5780000000000001,7.9794
5.2468,0.579,7.9196
5.2502,0.5800000000000001,7.8596
5.2543,0.581,7.7997
5.259,0.5820000000000001,7.74
5.2642,0.583,7.6801
5.27,0.5840000000000001,7.6204
5.2763,0.585,7.5607
5.2834,0.5860000000000001,7.5012
5.2909,0.587,7.4417
5.299,0.588,7.3822
5.3077,0.589,7.3228
5.317,0.59,7.2636
5.3268,0.591,7.2043
5.3371,0.592,7.1452
5.348,0.593,7.0863
5.3595,0.594,7.0274
5.3716,0.595,6.9685
5.3842,0.596,6.9099
5.3973,0.597,6.8514
5.4109,0.598,6.7929
5.4252,0.599,6.7347
5.4398,0.6,6.6765
5.4551,0.601,6.6185
5.4709,0.602,6.5606
5.4873,0.603,6.503
5.5042,0.604,6.4454
5.5216,0.605,6.3879
5.5395,0.606,6.3306
5.5579,0.607,6.2734
5.5768,0.608,6.2166
5.5961,0.609,6.1597
5.6161,0.61,6.1032
5.6366,0.611,6.0468
5.6575,0.612,5.9905
5.679,0.613,5.9345
5.7009,0.614,5.8786
5.7232,0.615,5.823
5.7461,0.616,5.7675
5.7696,0.617,5.7123
5.7934,0.618,5.6572
5.8177,0.619,5.6023
5.8425,0.62,5.5478
5.8678,0.621,5.4933
5.8934,0.622,5.4391
5.9195,0.623,5.3852
5.9463,0.624,5.3313
5.9734,0.625,5.2778
6.0008,0.626,5.2245
6.0289,0.627,5.1714
6.0573,0.628,5.1186
6.086,0.629,5.0659
6.1155,0.63,5.0136
6.1452,0.631,4.9614
6.1753,0.632,4.9097
6.2057,0.633,4.8579
6.2368,0.634,4.8066
6.2681,0.635,4.7554
6.3,0.636,4.7046
6.3322,0.637,4.6539
6.3649,0.638,4.6037
6.3979,0.639,4.5536
6.4312,0.64,4.5036
6.4651,0.641,4.4541
6.4993,0.642,4.4047
6.5338,0.643,4.3557
6.5687,0.644,4.3069
6.6042,0.645,4.2585
6.6399,0.646,4.2104
6.676,0.647,4.1623
6.7125,0.648,4.1147
6.7492,0.649,4.0674
6.7864,0.65,4.0203
6.8239,0.651,3.9735
6.8619,0.652,3.9269
6.9001,0.653,3.8807
6.9387,0.654,3.8347
6.9777,0.655,3.789
7.0168,0.656,3.7437
7.0564,0.657,3.6986
7.0963,0.658,3.6538
7.1366,0.659,3.6093
7.1772,0.66,3.5652
7.2181,0.661,3.5212
7.2594,0.662,3.4776
7.3009,0.663,3.4342
7.3426,0.664,3.3914
7.3848,0.665,3.3486
7.4272,0.666,3.3061
7.47,0.667,3.2641
7.513,0.668,3.2223
7.5563,0.669,3.1807
7.6,0.67,3.1397
7.6439,0.671,3.0987
7.6881,0.672,3.058
7.7326,0.673,3.0179
7.7773,0.674,2.9778
7.8223,0.675,2.9382
7.8676,0.676,2.8988
7.913,0.677,2.8598
7.9589,0.678,2.8209
8.005,0.679,2.7825
8.0514,0.68,2.7444
8.0978,0.681,2.7066
8.1447,0.682,2.669
8.1918,0.683,2.6317
8.239,0.6839999999999999,2.5949
8.2865,0.685,2.5583
8.3344,0.6859999999999999,2.5219
8.3824,0.687,2.4859
8.4305,0.688,2.4503
8.479,0.6890000000000001,2.415
8.5278,0.69,2.3799
8.5767,0.6910000000000001,2.3451
8.6258,0.692,2.3108
8.6752,0.6930000000000001,2.2765
8.7247,0.694,2.2427
8.7745,0.6950000000000001,2.2092
8.8245,0.696,2.1759
8.8746,0.6970000000000001,2.1431
8.9249,0.698,2.1105
8.9755,0.6990000000000001,2.0781
9.0262,0.7,2.0461
9.0772,0.7010000000000001,2.0145
9.1283,0.702,1.983
9.1797,0.7030000000000001,1.9519
9.2311,0.704,1.9212
9.2828,0.7050000000000001,1.8907
9.3347,0.706,1.8606
9.3866,0.7070000000000001,1.8306
9.439,0.708,1.8011
9.4914,0.7090000000000001,1.7718
9.5439,0.71,1.7429
9.5965,0.7110000000000001,1.714
9.6494,0.712,1.6857
9.7024,0.7130000000000001,1.6576
9.7557,0.714,1.6299
9.8089,0.7150000000000001,1.6023
9.8624,0.716,1.5752
9.916,0.7170000000000001,1.5483
9.9699,0.718,1.5216
10.0237,0.7190000000000001,1.4953
10.0777,0.72,1.4692
10.132,0.7210000000000001,1.4434
10.1863,0.722,1.4181
10.2407,0.7230000000000001,1.3929
10.2953,0.724,1.368
10.3501,0.7250000000000001,1.3434
10.4049,0.726,1.3191
10.4599,0.7270000000000001,1.295
10.515,0.728,1.2712
10.5701,0.7290000000000001,1.2478
10.6255,0.73,1.2246
10.681,0.7310000000000001,1.2017
10.7365,0.732,1.179
10.7923,0.733,1.1566
10.848,0.734,1.1346
10.9039,0.735,1.1129
10.9598,0.736,1.0912
11.0159,0.737,1.0699
11.0722,0.738,1.049
11.1286,0.739,1.0282
11.185,0.74,1.0077
11.2414,0.741,0.9876
11.2979,0.742,0.9677
11.3546,0.743,0.948
11.4115,0.744,0.9285
11.4684,0.745,0.9095
11.5254,0.746,0.8905
11.5824,0.747,0.8718
11.6393,0.748,0.8535
11.6966,0.749,0.8354
11.7539,0.75,0.8175
11.8112,0.751,0.7998
11.8687,0.752,0.7825
11.9261,0.753,0.7653
11.9837,0.754,0.7485
12.0414,0.755,0.7319
12.0991,0.756,0.7155
12.1569,0.757,0.6993
12.2148,0.758,0.6834
12.2727,0.759,0.6678
12.3307,0.76,0.6523
12.3887,0.761,0.6371
12.4468,0.762,0.6222
12.505,0.763,0.6073
12.5632,0.764,0.593
12.6215,0.765,0.5787
12.6797,0.766,0.5646
12.7383,0.767,0.5508
12.7966,0.768,0.5372
12.8551,0.769,0.5238
12.9137,0.77,0.5107
12.9723,0.771,0.4977
13.0309,0.772,0.4851
13.0896,0.773,0.4725
13.1484,0.774,0.4603
13.2072,0.775,0.4482
13.2659,0.776,0.4364
13.3247,0.777,0.4246
13.3837,0.778,0.4133
13.4427,0.779,0.402
13.5016,0.78,0.3911
13.5605,0.781,0.3801
13.6196,0.782,0.3696
13.6787,0.783,0.3591
13.7378,0.784,0.3489
13.7969,0.785,0.3388
13.8562,0.786,0.329
13.9155,0.787,0.3194
13.9747,0.788,0.3099
14.034,0.789,0.3006
14.0932,0.79,0.2914
14.1526,0.791,0.2826
14.212,0.792,0.2739
14.2714,0.793,0.2654
14.3308,0.794,0.257
14.3902,0.7949999999999999,0.2489
14.4496,0.796,0.2407
14.5092,0.7969999999999999,0.233
14.5687,0.798,0.2253
14.6283,0.7989999999999999,0.2178
14.6878,0.8,0.2105
14.7474,0.8009999999999999,0.2032
14.8069,0.802,0.1962
14.8665,0.8029999999999999,0.1895
14.9262,0.804,0.1827
14.9857,0.8049999999999999,0.1762
15.0454,0.806,0.1698
15.1051,0.8069999999999999,0.1636
15.1648,0.808,0.1577
15.2245,0.8089999999999999,0.1516
15.2842,0.81,0.146
15.3439,0.8109999999999999,0.1403
15.4038,0.812,0.1348
15.4635,0.813,0.1296
15.5233,0.8140000000000001,0.1244
15.583,0.815,0.1193
15.6428,0.8160000000000001,0.1144
15.7027,0.817,0.1096
15.7625,0.8180000000000001,0.105
15.8223,0.819,0.1005
15.8821,0.8200000000000001,0.0961
15.9419,0.821,0.092
16.0018,0.8220000000000001,0.0878
16.0616,0.823,0.0839
16.1216,0.8240000000000001,0.0799
16.1815,0.825,0.0762
16.2414,0.8260000000000001,0.0726
16.3012,0.827,0.069
16.3612,0.8280000000000001,0.0657
16.4211,0.829,0.0624
16.4811,0.8300000000000001,0.0593
16.5409,0.831,0.0561
16.6009,0.8320000000000001,0.0531
16.6607,0.833,0.0503
16.7207,0.8340000000000001,0.0476
16.7806,0.835,0.0449
16.8406,0.8360000000000001,0.0423
16.9006,0.837,0.0399
16.9604,0.8380000000000001,0.0375
17.0204,0.839,0.0353
17.0804,0.8400000000000001,0.0331
17.1405,0.841,0.031
17.2003,0.8420000000000001,0.0291
17.2603,0.843,0.0272
17.3203,0.8440000000000001,0.0254
17.3803,0.845,0.0237
17.4403,0.8460000000000001,0.0221
17.5003,0.847,0.0204
17.5602,0.8480000000000001,0.0189
17.6202,0.849,0.0175
17.6801,0.8500000000000001,0.0162
17.7401,0.851,0.0149
17.8002,0.8520000000000001,0.0137
17.8602,0.853,0.0124
17.9202,0.8540000000000001,0.0114
17.9802,0.855,0.0103
18.0401,0.8560000000000001,0.0095
18.1002,0.857,0.0086
18.1602,0.8580000000000001,0.0078
18.2201,0.859,0.0069
18.2801,0.86,0.0062
18.3402,0.861,0.0056
18.4002,0.862,0.0049
18.4601,0.863,0.0043
18.5201,0.864,0.0037
18.5802,0.865,0.0033
18.6402,0.866,0.0029
18.7001,0.867,0.0026
18.7601,0.868,0.0021
18.8202,0.869,0.0018
18.8802,0.87,0.0015
0,20,0
20,20,0
20,0,0
0,0,0
